Binary Arithmetic Assignment
Adam Carling
CS-2810

1 2 4 8 16 32 64 128		256 512 1024 2048 4096 8192 16,384 32,768
0 0 0 0 0  0  0  0		0   0   0    0    0    0    0      0

32,768  16,384  8192  4096  2048  1024  516  256		128  64  32  16  8  4  2  1
0       0       0     0     0     0     0    0			0    0   0   0   0  0  0  0

00000000 00001100 = 12
00000000 00001001 = 9
00000100 01011000 = 1112

00000000 01110000 = 112
	create compliment 	=> 11111111 10001111
	add 1 for 2s comliment	=> 11111111 10010000
11111111 10010000 = -112

00000000 00010110 = 22
	create compliment 	=> 11111111 11101001
	add 1 for 2s compliment	=> 11111111 11101010
11111111 11101010 = -22

00000000 00000101 = 5
00000000 10000000 = 128
00000000 00000100 = 4
00000000 11010100 = 212
00000000 00100100 = 36







12 + 9 = 21
carrry   00000000 00010000
	 00000000 00001100 = 12
	+00000000 00001001 = 9
--------------------------
	 00000000 00010101 = 21






1,112 -112
carry 	 11111000 00100000    
	 00000100 01011000 = 1,112
	+11111111 10010000 = 112
-------------------------- 
	 00000011 11101000 = 1,000






-22 * 5 = -110                  
 	 
	 11111111 11101010 = -22
	*00000000 00000101 = 5
--------------------------
carrry 1 11111111 11010000  
	 11111111 11101010
       0 00000000 00000000  
      11 11111110 10101000
	 00000000 00000000 
	 00000000 00000000 
	 00000000 00000000
	 00000000 00000000
 
	 00000000 00000000 
	 00000000 00000000 
	 00000000 00000000
	 00000000 00000000
	 00000000 00000000 
	 00000000 00000000 
	 00000000 00000000
	 00000000 00000000
__________________________
         11111111 10010010 




128/4 = 32

	 00000000 10000000 = 128
	/00000000 00000100 = 4

         ___________100000
     100|00000000 10000000
         00000000 1         
         00000000 10       
         00000000 100
         00000000 00000000      
__________________________
         00000000 00100000 = 32





(212 + 36)/5 = 49

	 00000000 11010100 = 212
	 00000000 00100100 = 36
	 00000000 00000101 = 5

carry    00000000 00001000         
	 00000000 11010100 = 212
	+00000000 00100100 = 36
__________________________
         00000000 11111000 = 248 

	 00000000 11111000 = 248
	/00000000 00000101 = 5


        _00000000_00110001   R3
    101| 00000000 11111000   
	          111||      
                 -101||    
                   101|     
                  -101|         
                     01000     
                      -101
                      00110   
                       -101
                         11
                          
______________________________
      00000000 00110001 = 49    








